time,x,y,z,phi,theta,psi,x_velocity,y_velocity,z_velocity,phi_velocity,theta_velocity,psi_velocity,rotor_speed1,rotor_speed2,rotor_speed3,rotor_speed4
0.08,-1.45665610854e-06,-2.57728012611e-07,10.0108925729,6.28308411263,0.000480326816663,0.0,-9.08615205695e-05,-1.75039060567e-05,0.272274742673,-0.00342218978341,0.0150657310704,0.0,468.381287005142,469.2589892425605,468.89564008867427,468.6962682712323
0.16,-3.09428133631e-05,-7.12953129196e-06,10.0316378297,6.28245488888,0.0014762147976,0.0,-0.000772920250323,-0.000214083354127,0.246365314321,-0.0159215917389,0.00787119199143,0.0,396.95827676778566,396.46280163708514,398.2865746476111,397.4285046283863
0.23999999999999996,-0.000151660136805,-6.08871442535e-05,10.0568908138,6.28143643763,0.00173744877966,0.0,-0.00230134890056,-0.00128859844665,0.38490583487,-0.00769456386085,-0.00511409372824,0.0,438.2499949220072,437.4398450000335,438.35350316337934,438.86597187987627
0.32,-0.000405600455758,-0.000234493259664,10.0963902152,6.28228143338,0.00247415077903,0.0,-0.00410980857209,-0.00298401738567,0.602450767946,0.0338125837421,0.028400613153,0.0,455.7067365990542,457.7112151720454,455.45775062220235,457.9403402507307
0.4000000000000001,-0.00083928714333,-0.000485237793382,10.1488834363,0.00130905926013,0.00379004272033,0.0,-0.00696826171399,-0.00295144010296,0.709792636889,0.0161060290807,-0.00943480056892,0.0,432.02220478547105,429.62329017763943,431.8943042515945,430.7731851950829
0.48000000000000015,-0.00153318422243,-0.000661245712356,10.212243086,0.00246788566208,0.00224822173007,0.0,-0.0101944704839,-0.00127066637039,0.874040768656,0.011703541367,-0.0394111599916,0.0,445.85561547032046,444.01518775530093,444.7232967773805,444.452692803943
0.5600000000000002,-0.00240856836016,-0.000657931134461,10.2898428103,0.00361605418771,6.28169488298,0.0,-0.011152227969,0.00151759244532,1.06572684367,0.0185697514356,-0.0608444886659,0.0,451.6930043171634,450.39357168104215,451.55849171559174,451.9735562209328
0.6400000000000002,-0.00318461871143,-0.000356733774423,10.389221106,0.00524774143885,6.27686832978,0.0,-0.00739071464634,0.00629158453772,1.41820248469,0.0233446615202,-0.0594858150582,0.0,487.8284572470057,487.90230711667397,486.9901653708658,487.25787321845
0.7200000000000003,-0.0035095756767,0.000352990127573,10.5073242965,0.00802018103714,6.27128605598,0.0,6.24174256065e-06,0.0118022454956,1.53415938987,0.0504426109998,-0.0910766826733,0.0,436.2929408554883,434.306312103999,433.4462567433586,435.1512729241491
0.8000000000000004,-0.00303875404463,0.00160803026201,10.6335436535,0.0122045352741,6.26413330119,0.0,0.0127421342932,0.0201353521648,1.62113623379,0.0553073256166,-0.0867126166445,0.0,428.3623999262163,428.63361405606406,427.62799223908394,427.9405398203063
0.8800000000000004,-0.000973471765018,0.00388706935969,10.7826177694,0.0164265956354,6.25662652051,0.0,0.0403129323928,0.0376756891443,2.10459455721,0.0483573306263,-0.107491133356,0.0,515.2270307029734,514.1178725749633,517.9210703612762,517.5557496588265
0.9600000000000005,0.00356764148238,0.00769957646979,10.9658726931,0.0199092953034,6.24819600959,0.0,0.0747170201922,0.0582714423995,2.47569067487,0.0347231347961,-0.101994861341,0.0,494.9889611953007,495.28373682260553,494.4346214583336,493.68157689391745
1.0400000000000005,0.011099538217,0.0132293115882,11.1747529434,0.023262303937,6.23949145642,0.0,0.114949393668,0.0804756177517,2.74538863422,0.0525646820142,-0.121776292256,0.0,474.8962672746896,473.74715583651937,473.684773996099,474.7134699929598
1.1200000000000006,0.0219130799752,0.0205201215547,11.3982331151,0.0276535932693,6.22876509526,0.0,0.156795535475,0.102380381156,2.84119638892,0.0586140273804,-0.160938464904,0.0,436.4486565465938,433.972485950332,435.73798248303626,436.1191816447329
1.2000000000000006,0.0365091677838,0.0297393295588,11.6299779548,0.0326198313913,6.21662262845,0.0,0.20981352711,0.128767095153,2.95189512361,0.0675175097205,-0.138617637177,0.0,439.4386577757588,440.8019694803723,439.2533191811511,439.8095500369853
1.2800000000000007,0.0555514747503,0.0411476751371,11.8674389463,0.0385696784775,6.20685026417,0.0,0.267531182705,0.157171370943,2.98437430102,0.0845781785307,-0.100729572476,0.0,419.91090243019323,422.3537330241042,421.4264434586583,422.53561778405646
1.3600000000000008,0.0803006487216,0.055433629447,12.1175438522,0.0451662888563,6.19911891788,0.0,0.352416826741,0.201037208727,3.26698947398,0.0787866992559,-0.0902897089145,0.0,479.6645875472982,480.25158531690755,480.9420340207333,480.6178928184458
1.4400000000000008,0.111533144467,0.0731637200235,12.3828957041,0.0510455529254,6.19249159441,0.0,0.429296753301,0.243022551977,3.3662432123,0.0637262604311,-0.0718540736738,0.0,440.0340542823835,441.1714486847311,440.32345424577096,439.39223591195594
1.520000000000001,0.149915137157,0.0948936065955,12.6645697275,0.0571780502061,6.18725340366,0.0,0.531043250204,0.30114048715,3.67409014129,0.0942974496897,-0.0559146564347,0.0,486.6445157319291,487.5357318942343,489.0679665778493,490.77671471521523
1.600000000000001,0.196033079612,0.121183874084,12.9644450826,0.0649465994544,6.18238044742,0.0,0.622516613188,0.357187967268,3.82191580172,0.101564515064,-0.0700703995222,0.0,456.4295910817985,455.57885888146467,453.46494667741746,453.9104210185829
1.680000000000001,0.250048164372,0.15250700084,13.2799607509,0.0726478113051,6.17814144147,0.0,0.728467175644,0.427058730202,4.06455788769,0.0864963337287,-0.0309166716341,0.0,476.08547678082675,478.32519866869416,478.63497946056134,477.78123186458265
1.7600000000000011,0.312375433746,0.189505314589,13.6119078393,0.0788037557152,6.17559751005,0.0,0.829976669854,0.498782275555,4.2330584975,0.0575636028268,-0.0332930874107,0.0,462.46779358554835,462.3270534860572,464.4759526921567,462.7752136280369
1.8400000000000012,0.382571318637,0.23220137004,13.9541279167,0.0827505060899,6.17329590165,0.0,0.925173665639,0.569138601991,4.32180155799,0.0331405213854,-0.0217851797155,0.0,445.5279019458473,446.23283493526804,446.7402623526967,445.2455155500368
1.9200000000000013,0.460430615667,0.280635720814,14.303288939,0.0851347543124,6.1736001961,0.0,1.02125928247,0.642003275905,4.40664297751,0.0238851294293,0.033648425633,0.0,444.5024394145907,447.8968944147828,445.9728893477244,445.4057639095246
2.0000000000000013,0.545861583077,0.334920532927,14.6585856152,0.0873634150578,6.17592714601,0.0,1.11410510637,0.715354732336,4.47532411478,0.0340484542136,0.0207979809239,0.0,443.4765270215646,442.6843405673055,442.4244622547506,443.0518865029086
2.0800000000000014,0.638890542854,0.395360879135,15.0216980465,0.091154495859,6.17682572764,0.0,1.21132898776,0.796068256138,4.60165095663,0.0654937139547,-0.00821902223299,0.0,457.8156086864318,456.0804876534966,456.599055060846,458.47813492972864
2.1600000000000015,0.739353523552,0.462136178475,15.3919464193,0.0955484078264,6.17707528846,0.0,1.300170476,0.873882723181,4.65409472501,0.0328882564667,0.0189438982782,0.0,439.17612427175885,440.86282589662443,443.0521545674604,441.03872864605256
2.2400000000000015,0.847826247288,0.53611281154,15.7751523477,0.0994001324548,6.17916112467,0.0,1.41110468635,0.975929702057,4.92429719414,0.0683331300736,0.0366470024283,0.0,491.2047574697304,492.18856969517134,490.20333811492986,492.176128574074
2.3200000000000016,0.963850854565,0.617265190766,16.1683773697,0.104639981516,6.18317606605,0.0,1.48901676989,1.05350918314,4.90633232589,0.0605220653814,0.0685129648926,0.0,425.78019739018634,427.8219561823428,427.73241760552384,427.23648958127376
2.4000000000000017,1.0864525047,0.705312151129,16.5651339771,0.111471733531,6.18835864487,0.0,1.5751512944,1.14845069548,5.01180695395,0.114628731907,0.0581183092574,0.0,457.2031141247033,456.5844234801115,455.30475648849415,458.5456295808901
2.4800000000000018,1.21559550746,0.80103760099,16.9686766106,0.121112678199,6.19250870614,0.0,1.65273716434,1.24587710421,5.0761421993,0.12939624478,0.0401285017937,0.0,449.16626834682074,448.07224407389833,447.8088434421855,448.7219075062358
2.560000000000002,1.35044563735,0.90440943964,17.3734543845,0.131824743373,6.19554365879,0.0,1.71810038474,1.33966354301,5.04326256452,0.140851185635,0.0341358488084,0.0,426.3426545094621,425.95916107233677,424.8184688775146,425.57197663611936
2.640000000000002,1.49112960066,1.0166946795,17.7836175416,0.142433120265,6.1984461905,0.0,1.79840447267,1.46889570856,5.20938360414,0.116389244746,0.0397266895351,0.0,473.143253283741,473.46651925256333,473.7071970223554,472.3089408599767
2.720000000000002,1.63791288794,1.13937402208,18.2047553313,0.152171471351,6.20222991461,0.0,1.87053160283,1.59927749959,5.31801011701,0.129862215246,0.0584476819682,0.0,461.710461240083,462.8182988818251,461.41880027814,462.22868089086916
2.800000000000002,1.78983989075,1.27194503256,18.6288230675,0.162861758002,6.2058981168,0.0,1.92709975585,1.71622829621,5.28359444951,0.139509257891,0.0180810571415,0.0,430.5788874884814,428.0107378150632,428.7972856758139,429.4287106777013
2.880000000000002,1.94705953562,1.41607046032,19.061334691,0.175281623179,6.20879915064,0.0,2.00277632804,1.88849240141,5.52696422315,0.175918288334,0.0594339542964,0.0,492.5196116570979,494.8089425387968,493.58123239982376,495.61229127163114
2.960000000000002,2.10973026358,1.57343942224,19.5073251037,0.18927521201,6.21293957839,0.0,2.06324293872,2.04746505659,5.62155176826,0.173228957903,0.0368367511383,0.0,464.6263453158794,463.29705135057463,463.87271850120555,463.7423197559603
3.0400000000000023,2.27659048588,1.74264876045,19.9538080733,0.202821890391,6.21514749891,0.0,2.1079463437,2.18429537802,5.54055388799,0.162361788904,0.00897059720695,0.0,423.52335996172815,421.72182065583104,423.7904475597002,423.11813953419363
3.1200000000000023,2.44732944133,1.92427165518,20.399021958,0.215594661725,6.21590088147,0.0,2.16033065293,2.35775238499,5.58874919971,0.15493442201,0.0101559144469,0.0,454.1216568660674,454.19284911049715,455.95401440458187,455.5321742846681
3.2000000000000024,2.62180532279,2.11884014896,20.8419672263,0.227879052316,6.21610769946,0.0,2.2014986615,2.50779815347,5.48499371573,0.151201568425,-0.0120968636833,0.0,418.873522424124,417.4192497501359,419.53752827161406,419.3181145943245
3.2800000000000025,2.79985850103,2.3267154578,21.2807341057,0.2410540086,6.21487313278,0.0,2.24990499249,2.69048196142,5.48337345527,0.182931615177,-0.0213469585381,0.0,445.1483370245844,444.58024163282704,443.1199402543322,445.0977323738785
3.3600000000000025,2.98155749444,2.54869257316,21.715567673,0.256240202568,6.21247318076,0.0,2.29278698322,2.86053210859,5.38725158851,0.200073277784,-0.047201338873,0.0,423.4777626918632,421.80567132751446,420.8345079371736,421.9831216610739
3.4400000000000026,3.16708641168,2.78586805443,22.1470820417,0.272274394651,6.21037758932,0.0,2.34568124891,3.07057484908,5.39937577996,0.201012604529,-0.000340504879096,0.0,448.1863512486335,451.0339515267707,449.88518043379054,449.9810361582237
3.5200000000000027,3.35688647922,3.04034388706,22.5794634602,0.287899084695,6.21007057038,0.0,2.39924367153,3.29297819032,5.40891446942,0.184718004918,-0.0100606074401,0.0,451.3965462196017,450.8078104691852,451.4599375287243,450.50911496628305
3.6000000000000028,3.55122114511,3.31403837595,23.0156991416,0.302368564174,6.2094726767,0.0,2.45906392944,3.55082852312,5.49502882857,0.173986309002,-0.00334959407233,0.0,471.6287530933666,472.0175361824295,471.2214944266983,470.62833853325037
3.680000000000003,3.75009548994,3.60779813152,23.4554213796,0.315015324173,6.20838683905,0.0,2.51278582836,3.79439115746,5.4967711148,0.119077109909,-0.0347082726976,0.0,455.0037455678414,453.11653662825927,455.5882899887719,452.3048130971885
3.760000000000003,3.9530488354,3.92029210509,23.8918856999,0.325575802505,6.20528925564,0.0,2.56134664837,4.01883986769,5.41434884273,0.149635817938,-0.0459277728299,0.0,435.67730510514195,434.97222067272384,433.1232194386653,435.06310266073103
3.840000000000003,4.16039563655,4.25271674,24.3266992535,0.337933364814,6.20144380063,0.0,2.62270316153,4.29271540949,5.4542227865,0.161887253382,-0.0517764579919,0.0,465.74817831626626,465.4035992679001,466.3639612645286,467.10249149391456
3.920000000000003,4.37251631117,4.60634398912,24.7615588431,0.350725825256,6.1973421561,0.0,2.68072973928,4.54898629781,5.41606224912,0.15648777249,-0.0504352874062,0.0,449.67264026499987,449.7524903614499,449.90691668000693,449.6027885532123
4.000000000000003,4.58933568001,4.98054110836,25.1925618978,0.362645965844,6.19406097872,0.0,2.74008570398,4.80684607489,5.35796932121,0.134540509375,-0.027509127963,0.0,445.25580518273256,446.6596897932854,447.92291372332113,446.6024728714077
4.080000000000001,4.81058503039,5.37405230637,25.6146680032,0.373361571234,6.19189916794,0.0,2.79135061893,5.03179934853,5.19466703556,0.132943506505,-0.0262189101494,0.0,420.84069536581285,420.92425770576546,420.27991738958605,420.1937264922365
4.159999999999999,5.03583159237,5.7851689298,26.0221549772,0.385200109711,6.19052304623,0.0,2.8399662392,5.24707262986,4.99275816037,0.167914380267,-0.00419491271754,0.0,408.8412747615501,410.3107835614992,409.2224467009506,411.57317126807544
4.2399999999999975,5.26539874591,6.21542880036,26.4175984126,0.397736062997,6.19020528624,0.0,2.8991426689,5.51032342576,4.89251798306,0.132952177516,-0.00360191520666,0.0,437.44064327268603,437.47776248205724,438.31530719830107,436.1533270853002
4.319999999999996,5.50010087905,6.6686960198,26.8089571849,0.409188888732,6.18942408072,0.0,2.96829577565,5.82182404927,4.88977783673,0.157615340805,-0.0213494730027,0.0,464.80272176366026,463.75823096463745,462.2569801299276,463.730654443633
4.399999999999994,5.74060176011,7.14820440662,27.2023695935,0.42264229519,6.18760550002,0.0,3.04422287953,6.16638714983,4.94301114615,0.183033204918,-0.0250950339729,0.0,480.68633468932563,480.47336152945206,479.18842191467326,480.6602135230324
4.479999999999992,5.98654145767,7.65269345905,27.593364648,0.438470169619,6.18593691759,0.0,3.10434854403,6.44680023409,4.83067980285,0.217533428732,-0.0142823472317,0.0,442.1815094894182,442.84925743455585,441.1658325428975,443.3355472138608
4.559999999999991,6.23789999737,8.18250988205,27.9805779501,0.459223067387,6.18494749307,0.0,3.17947207835,6.79977858352,4.84661719709,0.300428935933,-0.00928117073221,0.0,477.9697729180318,478.255756194758,474.69332364210163,479.4993441994637
4.639999999999989,6.4939844483,8.73528014132,28.3570017996,0.483068689689,6.18382627343,0.0,3.22271331329,7.02126433118,4.56371811421,0.293979709253,-0.0226495639239,0.0,402.5751685687236,401.6666605081121,401.908761638754,401.57076592629704
4.719999999999987,6.75485400695,9.31230223139,28.7221841906,0.50602843416,6.18207755848,0.0,3.29894641272,7.40549296764,4.5622297637,0.273683841168,-0.020559593307,0.0,479.3960828121744,479.51523221412697,480.88452319349364,479.80635889532965
4.799999999999986,7.0207280386,9.91519816303,29.0771627462,0.527666972876,6.17885375556,0.0,3.34807442168,7.66823850383,4.311417257,0.264835822875,-0.0984497757892,0.0,420.4095939292145,415.3129584526798,418.04611319035877,417.54624695673454
4.879999999999984,7.2910437372,10.5413992455,29.4151898518,0.549029277324,6.17093782062,0.0,3.41054383766,7.98766780458,4.13725104692,0.270537441964,-0.0997881209589,0.0,440.99633746696384,440.90488969720053,442.3358696752183,442.76019766746697
4.959999999999982,7.56684722273,11.1947830064,29.7410373769,0.572354539691,6.16298594234,0.0,3.48524111858,8.34763936079,4.00603582058,0.317375423947,-0.0987542112134,0.0,457.89075232772336,457.9442744619111,455.76401188366674,458.645633734657
5.0399999999999805,7.84962170965,11.880841002,30.0612505107,0.599176274652,6.15584263703,0.0,3.58466028485,8.80427954823,3.99414634793,0.358093254584,-0.0757401787023,0.0,493.6967096935283,494.9630820230915,494.7688021140369,497.1136013138803
